p0	0	0	1
p1	0	0	1
p2	0	0	1
p3	0	0	1
p4	0	0	1
p5	0	0	1
p6	0	0	1
p7	0	0	1
p8	0	0	1
p9	0	0	1
p10	0	0	1
p11	0	0	1
p12	0	0	1
p13	0	0	1
p14	0	0	1
p15	0	0	1
p16	0	0	1
p17	0	0	1
p18	0	0	1
p19	0	0	1
p20	0	0	1
p21	0	0	1
p22	0	0	1
p23	0	0	1
p24	0	0	1
p25	0	0	1
p26	0	0	1
p27	0	0	1
p28	0	0	1
p29	0	0	1
p30	0	0	1
p31	0	0	1
p32	0	0	1
p33	0	0	1
p34	0	0	1
p35	0	0	1
p36	0	0	1
p37	0	0	1
p38	0	0	1
p39	0	0	1
p40	0	0	1
p41	0	0	1
p42	0	0	1
p43	0	0	1
p44	0	0	1
p45	0	0	1
p46	0	0	1
p47	0	0	1
p48	0	0	1
p49	0	0	1
p50	0	0	1
p51	0	0	1
p52	0	0	1
p53	0	0	1
p54	0	0	1
p55	0	0	1
p56	0	0	1
p57	0	0	1
p58	0	0	1
p59	0	0	1
p60	0	0	1
p61	0	0	1
p62	0	0	1
p63	0	0	1
p64	0	0	1
p65	0	0	1
p66	0	0	1
p67	0	0	1
p68	0	0	1
p69	0	0	1
p70	0	0	1
p71	0	0	1
p72	0	0	1
p73	0	0	1
p74	0	0	1
p75	0	0	1
p76	0	0	1
p77	0	0	1
p78	0	0	1
p79	0	0	1
p80	0	0	1
p81	0	0	1
p82	0	0	1
p83	0	0	1
p84	0	0	1
p85	0	0	1
p86	0	0	1
p87	0	0	1
p88	0	0	1
p89	0	0	1
p90	0	0	1
p91	0	0	1
p92	0	0	1
p93	0	0	1
p94	0	0	1
p95	0	0	1
p96	0	0	1
p97	0	0	1
p98	0	0	1
p99	0	0	1
p100	0	0	1
p101	0	0	1
p102	0	0	1
p103	0	0	1
p104	0	0	1
p105	0	0	1
p106	0	0	1
p107	0	0	1
p108	0	0	1
p109	0	0	1
p110	0	0	1
p111	0	0	1
p112	0	0	1
p113	0	0	1
p114	0	0	1
p115	0	0	1
p116	0	0	1
p117	0	0	1
p118	0	0	1
p119	0	0	1
p120	0	0	1
p121	0	0	1
p122	0	0	1
p123	0	0	1
p124	0	0	1
p125	0	0	1
p126	0	0	1
p127	0	0	1
p175	0	0	1
p176	0	0	1
p177	0	0	1
p178	0	0	1
p179	0	0	1
p180	0	0	1
p181	0	0	1
p182	0	0	1
p183	0	0	1
p184	0	0	1
p185	0	0	1
p186	0	0	1
p187	0	0	1
p188	0	0	1
p189	0	0	1
p190	0	0	1
p191	0	0	1
p192	0	0	1
p193	0	0	1
p194	0	0	1
p195	0	0	1
p196	0	0	1
p197	0	0	1
p198	0	0	1
p199	0	0	1
p200	0	0	1
p201	0	0	1
p202	0	0	1
p203	0	0	1
p204	0	0	1
p205	0	0	1
p206	0	0	1
p207	0	0	1
p208	0	0	1
p209	0	0	1
p210	0	0	1
p211	0	0	1
p212	0	0	1
p213	0	0	1
p214	0	0	1
p215	0	0	1
p216	0	0	1
p217	0	0	1
p218	0	0	1
p219	0	0	1
p220	0	0	1
p221	0	0	1
p222	0	0	1
p223	0	0	1
p224	0	0	1
p225	0	0	1
p226	0	0	1
p227	0	0	1
p228	0	0	1
p229	0	0	1
p230	0	0	1
p231	0	0	1
p232	0	0	1
p233	0	0	1
p234	0	0	1
p235	0	0	1
p236	0	0	1
p237	0	0	1
p238	0	0	1
p239	0	0	1
p240	0	0	1
p241	0	0	1
p242	0	0	1
p243	0	0	1
p244	0	0	1
p245	0	0	1
p246	0	0	1
p247	0	0	1
p248	0	0	1
p249	0	0	1
p250	0	0	1
p251	0	0	1
p252	0	0	1
p253	0	0	1
p254	0	0	1
p255	0	0	1
p256	0	0	1
p257	0	0	1
p258	0	0	1
p259	0	0	1
p260	0	0	1
p261	0	0	1
p262	0	0	1
p263	0	0	1
p264	0	0	1
p265	0	0	1
p266	0	0	1
p267	0	0	1
p268	0	0	1
p269	0	0	1
p270	0	0	1
p271	0	0	1
p272	0	0	1
p273	0	0	1
p274	0	0	1
p275	0	0	1
p276	0	0	1
p277	0	0	1
p278	0	0	1
p279	0	0	1
p280	0	0	1
p281	0	0	1
p282	0	0	1
p283	0	0	1
p284	0	0	1
p285	0	0	1
p286	0	0	1
p287	0	0	1
p288	0	0	1
p289	0	0	1
p290	0	0	1
p291	0	0	1
p326	0	0	1
p327	0	0	1
p328	0	0	1
p329	0	0	1
p330	0	0	1
p331	0	0	1
p332	0	0	1
p333	0	0	1
p334	0	0	1
p335	0	0	1
p336	0	0	1
p337	0	0	1
p338	0	0	1
p339	0	0	1
p340	0	0	1
p341	0	0	1
p342	0	0	1
p343	0	0	1
p344	0	0	1
p345	0	0	1
p346	0	0	1
p347	0	0	1
p348	0	0	1
p349	0	0	1
p350	0	0	1
p351	0	0	1
p352	0	0	1
p353	0	0	1
p354	0	0	1
p355	0	0	1
p356	0	0	1
p357	0	0	1
p358	0	0	1
p359	0	0	1
p360	0	0	1
p361	0	0	1
p362	0	0	1
p363	0	0	1
p364	0	0	1
p365	0	0	1
p366	0	0	1
p367	0	0	1
p368	0	0	1
p369	0	0	1
p370	0	0	1
p371	0	0	1
p372	0	0	1
p373	0	0	1
p374	0	0	1
p375	0	0	1
p376	0	0	1
p377	0	0	1
p378	0	0	1
p379	0	0	1
p380	0	0	1
p381	0	0	1
p382	0	0	1
p383	0	0	1
p384	0	0	1
p385	0	0	1
p386	0	0	1
p387	0	0	1
p388	0	0	1
p389	0	0	1
p390	0	0	1
p391	0	0	1
p392	0	0	1
p393	0	0	1
p394	0	0	1
p395	0	0	1
p396	0	0	1
p397	0	0	1
p398	0	0	1
p399	0	0	1
p400	0	0	1
p401	0	0	1
p402	0	0	1
p403	0	0	1
p404	0	0	1
p405	0	0	1
p406	0	0	1
p407	0	0	1
p408	0	0	1
p409	0	0	1
p410	0	0	1
p411	0	0	1
p412	0	0	1
p413	0	0	1
p414	0	0	1
p415	0	0	1
p416	0	0	1
p417	0	0	1
p418	0	0	1
p419	0	0	1
p420	0	0	1
p421	0	0	1
p422	0	0	1
p423	0	0	1
p424	0	0	1
p425	0	0	1
p426	0	0	1
p427	0	0	1
p428	0	0	1
p429	0	0	1
p430	0	0	1
p431	0	0	1
p432	0	0	1
p433	0	0	1
p434	0	0	1
p435	0	0	1
p436	0	0	1
p437	0	0	1
p438	0	0	1
p510	0	0	1
p511	0	0	1
p512	0	0	1
p513	0	0	1
p514	0	0	1
p515	0	0	1
p516	0	0	1
p517	0	0	1
p518	0	0	1
p519	0	0	1
p520	0	0	1
p521	0	0	1
p522	0	0	1
p523	0	0	1
p524	0	0	1
p525	0	0	1
p526	0	0	1
p527	0	0	1
p528	0	0	1
p529	0	0	1
p530	0	0	1
p531	0	0	1
p532	0	0	1
p533	0	0	1
p534	0	0	1
p535	0	0	1
p536	0	0	1
p537	0	0	1
p538	0	0	1
p539	0	0	1
p540	0	0	1
p541	0	0	1
p542	0	0	1
p543	0	0	1
p544	0	0	1
p545	0	0	1
p546	0	0	1
p547	0	0	1
p548	0	0	1
p549	0	0	1
p550	0	0	1
p551	0	0	1
p552	0	0	1
p553	0	0	1
p554	0	0	1
p555	0	0	1
p556	0	0	1
p557	0	0	1
p558	0	0	1
p559	0	0	1
p560	0	0	1
p561	0	0	1
p562	0	0	1
p563	0	0	1
p564	0	0	1
p565	0	0	1
p566	0	0	1
p567	0	0	1
p568	0	0	1
p569	0	0	1
p570	0	0	1
p571	0	0	1
p572	0	0	1
p573	0	0	1
p574	0	0	1
p575	0	0	1
p576	0	0	1
p577	0	0	1
p578	0	0	1
p579	0	0	1
p580	0	0	1
p581	0	0	1
p582	0	0	1
p583	0	0	1
p584	0	0	1
p585	0	0	1
p586	0	0	1
p587	0	0	1
p588	0	0	1
p589	0	0	1
p590	0	0	1
p591	0	0	1
p592	0	0	1
p593	0	0	1
p594	0	0	1
p595	0	0	1
p596	0	0	1
p597	0	0	1
p598	0	0	1
p599	0	0	1
p600	0	0	1
p601	0	0	1
p602	0	0	1
p603	0	0	1
p604	0	0	1
p605	0	0	1
p606	0	0	1
p607	0	0	1
p608	0	0	1
p609	0	0	1
p610	0	0	1
p611	0	0	1
p612	0	0	1
p613	0	0	1
p614	0	0	1
p615	0	0	1
p616	0	0	1
p617	0	0	1
p618	0	0	1
p619	0	0	1
p620	0	0	1
p621	0	0	1
p622	0	0	1
p623	0	0	1
p624	0	0	1
p625	0	0	1
p626	0	0	1
p627	0	0	1
p628	0	0	1
p629	0	0	1
p630	0	0	1
p631	0	0	1
p632	0	0	1
p633	0	0	1
p634	0	0	1
p635	0	0	1
p636	0	0	1
p637	0	0	1
p638	0	0	1
p639	0	0	1
p640	0	0	1
p641	0	0	1
p642	0	0	1
p643	0	0	1
p644	0	0	1
p645	0	0	1
p646	0	0	1
p647	0	0	1
p648	0	0	1
p679	0	0	1
p680	0	0	1
p681	0	0	1
p682	0	0	1
p683	0	0	1
p684	0	0	1
p685	0	0	1
p686	0	0	1
p687	0	0	1
p688	0	0	1
p689	0	0	1
p690	0	0	1
p691	0	0	1
p692	0	0	1
p693	0	0	1
p694	0	0	1
p695	0	0	1
p696	0	0	1
p697	0	0	1
p698	0	0	1
p699	0	0	1
p700	0	0	1
p701	0	0	1
p702	0	0	1
p703	0	0	1
p704	0	0	1
p705	0	0	1
p706	0	0	1
p707	0	0	1
p708	0	0	1
p709	0	0	1
p710	0	0	1
p711	0	0	1
p712	0	0	1
p713	0	0	1
p714	0	0	1
p715	0	0	1
p716	0	0	1
p717	0	0	1
p718	0	0	1
p719	0	0	1
p720	0	0	1
p721	0	0	1
p722	0	0	1
p723	0	0	1
p724	0	0	1
p725	0	0	1
p726	0	0	1
p727	0	0	1
p728	0	0	1
p729	0	0	1
p730	0	0	1
p731	0	0	1
p732	0	0	1
p733	0	0	1
p734	0	0	1
p735	0	0	1
p736	0	0	1
p737	0	0	1
p738	0	0	1
p739	0	0	1
p740	0	0	1
p741	0	0	1
p742	0	0	1
p743	0	0	1
p744	0	0	1
p745	0	0	1
p746	0	0	1
p747	0	0	1
p748	0	0	1
p749	0	0	1
p750	0	0	1
p751	0	0	1
p752	0	0	1
p753	0	0	1
p754	0	0	1
p755	0	0	1
p756	0	0	1
p757	0	0	1
p758	0	0	1
p759	0	0	1
p760	0	0	1
p761	0	0	1
p762	0	0	1
p763	0	0	1
p764	0	0	1
p765	0	0	1
p766	0	0	1
p767	0	0	1
p768	0	0	1
p769	0	0	1
p770	0	0	1
p771	0	0	1
p772	0	0	1
p773	0	0	1
p774	0	0	1
p775	0	0	1
p776	0	0	1
p777	0	0	1
p778	0	0	1
p779	0	0	1
p780	0	0	1
p781	0	0	1
p782	0	0	1
p783	0	0	1
p784	0	0	1
p785	0	0	1
p786	0	0	1
p787	0	0	1
p788	0	0	1
p789	0	0	1
p790	0	0	1
p791	0	0	1
p792	0	0	1
p793	0	0	1
p794	0	0	1
p795	0	0	1
p796	0	0	1
p797	0	0	1
p798	0	0	1
p799	0	0	1
p3462	0	0	1
p3463	0	0	1
p3464	0	0	1
p3465	0	0	1
p3466	0	0	1
p3467	0	0	1
p3468	0	0	1
p3469	0	0	1
p3470	0	0	1
p3471	0	0	1
p3472	0	0	1
p3473	0	0	1
p3474	0	0	1
p3475	0	0	1
p3476	0	0	1
p3477	0	0	1
p3478	0	0	1
p3479	0	0	1
p3480	0	0	1
p3481	0	0	1
p3482	0	0	1
p3483	0	0	1
p3484	0	0	1
p3485	0	0	1
p3486	0	0	1
p3487	0	0	1
p3488	0	0	1
p3489	0	0	1
p3490	0	0	1
p3491	0	0	1
p3492	0	0	1
p3493	0	0	1
p3494	0	0	1
p3495	0	0	1
p3496	0	0	1
p3497	0	0	1
p3498	0	0	1
p3499	0	0	1
p3500	0	0	1
p3501	0	0	1
p3502	0	0	1
p3503	0	0	1
p3504	0	0	1
p3505	0	0	1
p3506	0	0	1
p3507	0	0	1
p3508	0	0	1
p3509	0	0	1
p3510	0	0	1
p3511	0	0	1
p3512	0	0	1
p3513	0	0	1
p3514	0	0	1
p3515	0	0	1
p3516	0	0	1
p3517	0	0	1
p3518	0	0	1
p3519	0	0	1
p3520	0	0	1
p3521	0	0	1
p3522	0	0	1
p3523	0	0	1
p3524	0	0	1
p3525	0	0	1
p3526	0	0	1
p3527	0	0	1
p3528	0	0	1
p3529	0	0	1
p3530	0	0	1
p3531	0	0	1
p3532	0	0	1
p3533	0	0	1
p3534	0	0	1
p3535	0	0	1
p3536	0	0	1
p3537	0	0	1
p3538	0	0	1
p3539	0	0	1
p3540	0	0	1
p3541	0	0	1
p3542	0	0	1
p3543	0	0	1
p3544	0	0	1
p3545	0	0	1
p3546	0	0	1
p3547	0	0	1
p3570	0	0	1
p3571	0	0	1
p3572	0	0	1
p3573	0	0	1
p3574	0	0	1
p3575	0	0	1
p3576	0	0	1
p3577	0	0	1
p3578	0	0	1
p3579	0	0	1
p3580	0	0	1
p3581	0	0	1
p3582	0	0	1
p3583	0	0	1
p3584	0	0	1
p3585	0	0	1
p3586	0	0	1
p3587	0	0	1
p3588	0	0	1
p3589	0	0	1
p3590	0	0	1
p3591	0	0	1
p3592	0	0	1
p3593	0	0	1
p3594	0	0	1
p3595	0	0	1
p3596	0	0	1
p3597	0	0	1
p3598	0	0	1
p3599	0	0	1
p3600	0	0	1
p3601	0	0	1
p3602	0	0	1
p3603	0	0	1
p3604	0	0	1
p3605	0	0	1
p3606	0	0	1
p3607	0	0	1
p3608	0	0	1
p3609	0	0	1
p3610	0	0	1
p3611	0	0	1
p3612	0	0	1
p3613	0	0	1
p3614	0	0	1
p3615	0	0	1
p3616	0	0	1
p3617	0	0	1
p3618	0	0	1
p3619	0	0	1
p3620	0	0	1
p3621	0	0	1
p3622	0	0	1
p3623	0	0	1
p3624	0	0	1
p3625	0	0	1
p3626	0	0	1
p3627	0	0	1
p3628	0	0	1
p3629	0	0	1
p3630	0	0	1
p3631	0	0	1
p3632	0	0	1
p3633	0	0	1
p3634	0	0	1
p3635	0	0	1
p3636	0	0	1
p3637	0	0	1
p3638	0	0	1
p3639	0	0	1
p3640	0	0	1
p3641	0	0	1
p3642	0	0	1
p3643	0	0	1
p3644	0	0	1
p3645	0	0	1
p3646	0	0	1
p3647	0	0	1
p3648	0	0	1
p3649	0	0	1
p3650	0	0	1
p3651	0	0	1
p3652	0	0	1
p3653	0	0	1
p3654	0	0	1
p3655	0	0	1
p3656	0	0	1
p3657	0	0	1
p3658	0	0	1
p3659	0	0	1
p3660	0	0	1
p3661	0	0	1
p3662	0	0	1
p3663	0	0	1
p3664	0	0	1
p3665	0	0	1
p3666	0	0	1
p3667	0	0	1
p3668	0	0	1
p3669	0	0	1
p3683	0	0	1
p3684	0	0	1
p3685	0	0	1
p3686	0	0	1
p3687	0	0	1
p3688	0	0	1
p3689	0	0	1
p3690	0	0	1
p3691	0	0	1
p3692	0	0	1
p3693	0	0	1
p3694	0	0	1
p3695	0	0	1
p3696	0	0	1
p3697	0	0	1
p3698	0	0	1
p3699	0	0	1
p3700	0	0	1
p3701	0	0	1
p3702	0	0	1
p3703	0	0	1
p3704	0	0	1
p3705	0	0	1
p3706	0	0	1
p3707	0	0	1
p3708	0	0	1
p3709	0	0	1
p3710	0	0	1
p3711	0	0	1
p3712	0	0	1
p3713	0	0	1
p3714	0	0	1
p3715	0	0	1
p3716	0	0	1
p3717	0	0	1
p3718	0	0	1
p3719	0	0	1
p3720	0	0	1
p3721	0	0	1
p3722	0	0	1
p3723	0	0	1
p3724	0	0	1
p3725	0	0	1
p3726	0	0	1
p3727	0	0	1
p3728	0	0	1
p3729	0	0	1
p3730	0	0	1
p3731	0	0	1
p3732	0	0	1
p3733	0	0	1
p3734	0	0	1
p3735	0	0	1
p3736	0	0	1
p3737	0	0	1
p3738	0	0	1
p3739	0	0	1
p3740	0	0	1
p3741	0	0	1
p3742	0	0	1
p3743	0	0	1
p3744	0	0	1
p3745	0	0	1
p3746	0	0	1
p3747	0	0	1
p3748	0	0	1
p3749	0	0	1
p3750	0	0	1
p3751	0	0	1
p3752	0	0	1
p3753	0	0	1
p3754	0	0	1
p3755	0	0	1
p3756	0	0	1
p3757	0	0	1
p3758	0	0	1
p3759	0	0	1
p3760	0	0	1
p3761	0	0	1
p3762	0	0	1
p3763	0	0	1
p3764	0	0	1
p3765	0	0	1
p3766	0	0	1
p3767	0	0	1
p3768	0	0	1
p3769	0	0	1
p3782	0	0	1
p3783	0	0	1
p3784	0	0	1
p3785	0	0	1
p3786	0	0	1
p3787	0	0	1
p3788	0	0	1
p3789	0	0	1
p3790	0	0	1
p3791	0	0	1
p3792	0	0	1
p3793	0	0	1
p3794	0	0	1
p3795	0	0	1
p3796	0	0	1
p3797	0	0	1
p3798	0	0	1
p3799	0	0	1
p3800	0	0	1
p3801	0	0	1
p3802	0	0	1
p3803	0	0	1
p3804	0	0	1
p3805	0	0	1
p3806	0	0	1
p3807	0	0	1
p3808	0	0	1
p3809	0	0	1
p3810	0	0	1
p3811	0	0	1
p3812	0	0	1
p3813	0	0	1
p3814	0	0	1
p3815	0	0	1
p3816	0	0	1
p3817	0	0	1
p3818	0	0	1
p3819	0	0	1
p3820	0	0	1
p3821	0	0	1
p3822	0	0	1
p3823	0	0	1
p3824	0	0	1
p3825	0	0	1
p3826	0	0	1
p3827	0	0	1
p3828	0	0	1
p3829	0	0	1
p3830	0	0	1
p3831	0	0	1
p3832	0	0	1
p3833	0	0	1
p3834	0	0	1
p3835	0	0	1
p3836	0	0	1
p3837	0	0	1
p3838	0	0	1
p3839	0	0	1
p3840	0	0	1
p3841	0	0	1
p3842	0	0	1
p3843	0	0	1
p3844	0	0	1
p3912	0	0	1
p3913	0	0	1
p3914	0	0	1
p3915	0	0	1
p3916	0	0	1
p3917	0	0	1
p3918	0	0	1
p3919	0	0	1
p3920	0	0	1
p3921	0	0	1
p3922	0	0	1
p3923	0	0	1
p3924	0	0	1
p3925	0	0	1
p3926	0	0	1
p3927	0	0	1
p3928	0	0	1
p3929	0	0	1
p3930	0	0	1
p3931	0	0	1
p3932	0	0	1
p3933	0	0	1
p3934	0	0	1
p3935	0	0	1
p3936	0	0	1
p3937	0	0	1
p3938	0	0	1
p3939	0	0	1
p3940	0	0	1
p3941	0	0	1
p3942	0	0	1
p3943	0	0	1
p3944	0	0	1
p3945	0	0	1
p3946	0	0	1
p3947	0	0	1
p3948	0	0	1
p3949	0	0	1
p3950	0	0	1
p3951	0	0	1
p3952	0	0	1
p3953	0	0	1
p3954	0	0	1
p3955	0	0	1
p3956	0	0	1
p3957	0	0	1
p3958	0	0	1
p3959	0	0	1
p3960	0	0	1
p3961	0	0	1
p3962	0	0	1
p3963	0	0	1
p3964	0	0	1
p3965	0	0	1
p3966	0	0	1
p3967	0	0	1
p3968	0	0	1
p3969	0	0	1
p3970	0	0	1
p3971	0	0	1
p3972	0	0	1
p3973	0	0	1
p3974	0	0	1
p3975	0	0	1
p3976	0	0	1
p3977	0	0	1
p3978	0	0	1
p3979	0	0	1
p3980	0	0	1
p3981	0	0	1
p3982	0	0	1
p3983	0	0	1
p3984	0	0	1
p3985	0	0	1
p3986	0	0	1
p3987	0	0	1
p3988	0	0	1
p3989	0	0	1
p3990	0	0	1
p3991	0	0	1
p3992	0	0	1
p3993	0	0	1
p3994	0	0	1
p3995	0	0	1
p3996	0	0	1
p3997	0	0	1
p3998	0	0	1
p3999	0	0	1
p4000	0	0	1
p4001	0	0	1
p4002	0	0	1
p4003	0	0	1
p4004	0	0	1
p4005	0	0	1
p4006	0	0	1
p4007	0	0	1
p4008	0	0	1
p4009	0	0	1
p4010	0	0	1
p4011	0	0	1
p4012	0	0	1
p4013	0	0	1
p4014	0	0	1
p4015	0	0	1
p4016	0	0	1
p4017	0	0	1
p4018	0	0	1
p128	0	1	0
p129	0	1	0
p130	0	1	0
p131	0	1	0
p132	0	1	0
p133	0	1	0
p134	0	1	0
p135	0	1	0
p136	0	1	0
p137	0	1	0
p138	0	1	0
p139	0	1	0
p140	0	1	0
p141	0	1	0
p142	0	1	0
p143	0	1	0
p144	0	1	0
p145	0	1	0
p146	0	1	0
p147	0	1	0
p148	0	1	0
p149	0	1	0
p150	0	1	0
p151	0	1	0
p152	0	1	0
p153	0	1	0
p154	0	1	0
p155	0	1	0
p156	0	1	0
p157	0	1	0
p158	0	1	0
p159	0	1	0
p160	0	1	0
p161	0	1	0
p162	0	1	0
p163	0	1	0
p164	0	1	0
p165	0	1	0
p166	0	1	0
p167	0	1	0
p168	0	1	0
p169	0	1	0
p170	0	1	0
p171	0	1	0
p172	0	1	0
p173	0	1	0
p174	0	1	0
p292	0	1	0
p293	0	1	0
p294	0	1	0
p295	0	1	0
p296	0	1	0
p297	0	1	0
p298	0	1	0
p299	0	1	0
p300	0	1	0
p301	0	1	0
p302	0	1	0
p303	0	1	0
p304	0	1	0
p305	0	1	0
p306	0	1	0
p307	0	1	0
p308	0	1	0
p309	0	1	0
p310	0	1	0
p311	0	1	0
p312	0	1	0
p313	0	1	0
p314	0	1	0
p315	0	1	0
p316	0	1	0
p317	0	1	0
p318	0	1	0
p319	0	1	0
p320	0	1	0
p321	0	1	0
p322	0	1	0
p323	0	1	0
p324	0	1	0
p325	0	1	0
p439	0	1	0
p440	0	1	0
p441	0	1	0
p442	0	1	0
p443	0	1	0
p444	0	1	0
p445	0	1	0
p446	0	1	0
p447	0	1	0
p448	0	1	0
p449	0	1	0
p450	0	1	0
p451	0	1	0
p452	0	1	0
p453	0	1	0
p454	0	1	0
p455	0	1	0
p456	0	1	0
p457	0	1	0
p458	0	1	0
p459	0	1	0
p460	0	1	0
p461	0	1	0
p462	0	1	0
p463	0	1	0
p464	0	1	0
p465	0	1	0
p466	0	1	0
p467	0	1	0
p468	0	1	0
p469	0	1	0
p470	0	1	0
p471	0	1	0
p472	0	1	0
p473	0	1	0
p474	0	1	0
p475	0	1	0
p476	0	1	0
p477	0	1	0
p478	0	1	0
p479	0	1	0
p480	0	1	0
p481	0	1	0
p482	0	1	0
p483	0	1	0
p484	0	1	0
p485	0	1	0
p486	0	1	0
p487	0	1	0
p488	0	1	0
p489	0	1	0
p490	0	1	0
p491	0	1	0
p492	0	1	0
p493	0	1	0
p494	0	1	0
p495	0	1	0
p496	0	1	0
p497	0	1	0
p498	0	1	0
p499	0	1	0
p500	0	1	0
p501	0	1	0
p502	0	1	0
p503	0	1	0
p504	0	1	0
p505	0	1	0
p506	0	1	0
p507	0	1	0
p508	0	1	0
p509	0	1	0
p649	0	1	0
p650	0	1	0
p651	0	1	0
p652	0	1	0
p653	0	1	0
p654	0	1	0
p655	0	1	0
p656	0	1	0
p657	0	1	0
p658	0	1	0
p659	0	1	0
p660	0	1	0
p661	0	1	0
p662	0	1	0
p663	0	1	0
p664	0	1	0
p665	0	1	0
p666	0	1	0
p667	0	1	0
p668	0	1	0
p669	0	1	0
p670	0	1	0
p671	0	1	0
p672	0	1	0
p673	0	1	0
p674	0	1	0
p675	0	1	0
p676	0	1	0
p677	0	1	0
p678	0	1	0
p1412	0	1	0
p2882	0	1	0
p2883	0	1	0
p2884	0	1	0
p2885	0	1	0
p2886	0	1	0
p2887	0	1	0
p2888	0	1	0
p2889	0	1	0
p2890	0	1	0
p2891	0	1	0
p2892	0	1	0
p2893	0	1	0
p2894	0	1	0
p2895	0	1	0
p2896	0	1	0
p2897	0	1	0
p2898	0	1	0
p2899	0	1	0
p2900	0	1	0
p2901	0	1	0
p2902	0	1	0
p2903	0	1	0
p2904	0	1	0
p2905	0	1	0
p2906	0	1	0
p2907	0	1	0
p2908	0	1	0
p2909	0	1	0
p2910	0	1	0
p2911	0	1	0
p2912	0	1	0
p2913	0	1	0
p2914	0	1	0
p2915	0	1	0
p2916	0	1	0
p2917	0	1	0
p2918	0	1	0
p2919	0	1	0
p2920	0	1	0
p2921	0	1	0
p2922	0	1	0
p2923	0	1	0
p2924	0	1	0
p2925	0	1	0
p2926	0	1	0
p2927	0	1	0
p2928	0	1	0
p2929	0	1	0
p2930	0	1	0
p2931	0	1	0
p2932	0	1	0
p2933	0	1	0
p2934	0	1	0
p2935	0	1	0
p2936	0	1	0
p2937	0	1	0
p2938	0	1	0
p2939	0	1	0
p2940	0	1	0
p2941	0	1	0
p2942	0	1	0
p2943	0	1	0
p2944	0	1	0
p2945	0	1	0
p2946	0	1	0
p2947	0	1	0
p2948	0	1	0
p2949	0	1	0
p2950	0	1	0
p2951	0	1	0
p2952	0	1	0
p2953	0	1	0
p2954	0	1	0
p2955	0	1	0
p2956	0	1	0
p2957	0	1	0
p2958	0	1	0
p2959	0	1	0
p2960	0	1	0
p2961	0	1	0
p2962	0	1	0
p2963	0	1	0
p2964	0	1	0
p2965	0	1	0
p2966	0	1	0
p2967	0	1	0
p2968	0	1	0
p2969	0	1	0
p2970	0	1	0
p2971	0	1	0
p2972	0	1	0
p2973	0	1	0
p2974	0	1	0
p2975	0	1	0
p2976	0	1	0
p2977	0	1	0
p2978	0	1	0
p2979	0	1	0
p2980	0	1	0
p2981	0	1	0
p2982	0	1	0
p2983	0	1	0
p2984	0	1	0
p2985	0	1	0
p2986	0	1	0
p2987	0	1	0
p3867	0	1	0
p3868	0	1	0
p3869	0	1	0
p3870	0	1	0
p3871	0	1	0
p3872	0	1	0
p3873	0	1	0
p3874	0	1	0
p3875	0	1	0
p3876	0	1	0
p3877	0	1	0
p3878	0	1	0
p3879	0	1	0
p3880	0	1	0
p3881	0	1	0
p3882	0	1	0
p3883	0	1	0
p3884	0	1	0
p3885	0	1	0
p3886	0	1	0
p3887	0	1	0
p3888	0	1	0
p3889	0	1	0
p3890	0	1	0
p3891	0	1	0
p3892	0	1	0
p3893	0	1	0
p3894	0	1	0
p800	1	0	0
p801	1	0	0
p802	1	0	0
p803	1	0	0
p804	1	0	0
p805	1	0	0
p806	1	0	0
p807	1	0	0
p808	1	0	0
p809	1	0	0
p810	1	0	0
p811	1	0	0
p812	1	0	0
p813	1	0	0
p814	1	0	0
p815	1	0	0
p816	1	0	0
p817	1	0	0
p818	1	0	0
p819	1	0	0
p820	1	0	0
p821	1	0	0
p822	1	0	0
p823	1	0	0
p824	1	0	0
p825	1	0	0
p826	1	0	0
p827	1	0	0
p828	1	0	0
p829	1	0	0
p830	1	0	0
p831	1	0	0
p832	1	0	0
p833	1	0	0
p834	1	0	0
p835	1	0	0
p836	1	0	0
p837	1	0	0
p838	1	0	0
p839	1	0	0
p840	1	0	0
p841	1	0	0
p842	1	0	0
p843	1	0	0
p844	1	0	0
p845	1	0	0
p846	1	0	0
p847	1	0	0
p848	1	0	0
p849	1	0	0
p850	1	0	0
p851	1	0	0
p852	1	0	0
p853	1	0	0
p854	1	0	0
p855	1	0	0
p856	1	0	0
p857	1	0	0
p858	1	0	0
p859	1	0	0
p860	1	0	0
p861	1	0	0
p862	1	0	0
p863	1	0	0
p864	1	0	0
p865	1	0	0
p866	1	0	0
p867	1	0	0
p868	1	0	0
p869	1	0	0
p870	1	0	0
p871	1	0	0
p872	1	0	0
p873	1	0	0
p874	1	0	0
p875	1	0	0
p876	1	0	0
p877	1	0	0
p878	1	0	0
p879	1	0	0
p880	1	0	0
p881	1	0	0
p882	1	0	0
p883	1	0	0
p884	1	0	0
p885	1	0	0
p886	1	0	0
p887	1	0	0
p888	1	0	0
p889	1	0	0
p890	1	0	0
p891	1	0	0
p892	1	0	0
p893	1	0	0
p894	1	0	0
p895	1	0	0
p896	1	0	0
p897	1	0	0
p898	1	0	0
p899	1	0	0
p900	1	0	0
p901	1	0	0
p902	1	0	0
p903	1	0	0
p904	1	0	0
p905	1	0	0
p906	1	0	0
p907	1	0	0
p908	1	0	0
p909	1	0	0
p910	1	0	0
p911	1	0	0
p912	1	0	0
p913	1	0	0
p914	1	0	0
p915	1	0	0
p916	1	0	0
p917	1	0	0
p918	1	0	0
p919	1	0	0
p920	1	0	0
p921	1	0	0
p922	1	0	0
p923	1	0	0
p924	1	0	0
p925	1	0	0
p926	1	0	0
p927	1	0	0
p928	1	0	0
p929	1	0	0
p930	1	0	0
p931	1	0	0
p932	1	0	0
p933	1	0	0
p934	1	0	0
p935	1	0	0
p936	1	0	0
p937	1	0	0
p938	1	0	0
p939	1	0	0
p940	1	0	0
p941	1	0	0
p942	1	0	0
p943	1	0	0
p944	1	0	0
p945	1	0	0
p946	1	0	0
p947	1	0	0
p948	1	0	0
p949	1	0	0
p950	1	0	0
p951	1	0	0
p952	1	0	0
p953	1	0	0
p954	1	0	0
p955	1	0	0
p956	1	0	0
p957	1	0	0
p958	1	0	0
p959	1	0	0
p960	1	0	0
p961	1	0	0
p962	1	0	0
p963	1	0	0
p964	1	0	0
p965	1	0	0
p966	1	0	0
p967	1	0	0
p968	1	0	0
p969	1	0	0
p970	1	0	0
p971	1	0	0
p972	1	0	0
p973	1	0	0
p974	1	0	0
p975	1	0	0
p976	1	0	0
p977	1	0	0
p978	1	0	0
p979	1	0	0
p980	1	0	0
p981	1	0	0
p982	1	0	0
p983	1	0	0
p984	1	0	0
p985	1	0	0
p986	1	0	0
p987	1	0	0
p988	1	0	0
p989	1	0	0
p990	1	0	0
p991	1	0	0
p992	1	0	0
p993	1	0	0
p994	1	0	0
p995	1	0	0
p996	1	0	0
p997	1	0	0
p998	1	0	0
p999	1	0	0
p1000	1	0	0
p1001	1	0	0
p1002	1	0	0
p1003	1	0	0
p1004	1	0	0
p1005	1	0	0
p1006	1	0	0
p1007	1	0	0
p1008	1	0	0
p1009	1	0	0
p1010	1	0	0
p1011	1	0	0
p1012	1	0	0
p1013	1	0	0
p1014	1	0	0
p1015	1	0	0
p1016	1	0	0
p1017	1	0	0
p1018	1	0	0
p1019	1	0	0
p1020	1	0	0
p1021	1	0	0
p1022	1	0	0
p1023	1	0	0
p1024	1	0	0
p1025	1	0	0
p1026	1	0	0
p1027	1	0	0
p1028	1	0	0
p1029	1	0	0
p1030	1	0	0
p1031	1	0	0
p1032	1	0	0
p1033	1	0	0
p1034	1	0	0
p1035	1	0	0
p1036	1	0	0
p1037	1	0	0
p1038	1	0	0
p1039	1	0	0
p1040	1	0	0
p1041	1	0	0
p1042	1	0	0
p1043	1	0	0
p1044	1	0	0
p1045	1	0	0
p1046	1	0	0
p1047	1	0	0
p1048	1	0	0
p1049	1	0	0
p1050	1	0	0
p1051	1	0	0
p1052	1	0	0
p1053	1	0	0
p1054	1	0	0
p1055	1	0	0
p1056	1	0	0
p1057	1	0	0
p1058	1	0	0
p1059	1	0	0
p1060	1	0	0
p1061	1	0	0
p1062	1	0	0
p1063	1	0	0
p1064	1	0	0
p1065	1	0	0
p1066	1	0	0
p1067	1	0	0
p1068	1	0	0
p1069	1	0	0
p1070	1	0	0
p1071	1	0	0
p1072	1	0	0
p1073	1	0	0
p1074	1	0	0
p1075	1	0	0
p1076	1	0	0
p1077	1	0	0
p1078	1	0	0
p1079	1	0	0
p1080	1	0	0
p1081	1	0	0
p1082	1	0	0
p1083	1	0	0
p1084	1	0	0
p1085	1	0	0
p1086	1	0	0
p1087	1	0	0
p1088	1	0	0
p1089	1	0	0
p1090	1	0	0
p1091	1	0	0
p1092	1	0	0
p1093	1	0	0
p1094	1	0	0
p1095	1	0	0
p1096	1	0	0
p1097	1	0	0
p1098	1	0	0
p1099	1	0	0
p1100	1	0	0
p1101	1	0	0
p1102	1	0	0
p1103	1	0	0
p1104	1	0	0
p1105	1	0	0
p1106	1	0	0
p1107	1	0	0
p1108	1	0	0
p1109	1	0	0
p1110	1	0	0
p1111	1	0	0
p1112	1	0	0
p1113	1	0	0
p1114	1	0	0
p1115	1	0	0
p1116	1	0	0
p1117	1	0	0
p1118	1	0	0
p1119	1	0	0
p1120	1	0	0
p1121	1	0	0
p1122	1	0	0
p1123	1	0	0
p1124	1	0	0
p1125	1	0	0
p1126	1	0	0
p1127	1	0	0
p1128	1	0	0
p1129	1	0	0
p1130	1	0	0
p1131	1	0	0
p1132	1	0	0
p1133	1	0	0
p1134	1	0	0
p1135	1	0	0
p1136	1	0	0
p1137	1	0	0
p1138	1	0	0
p1139	1	0	0
p1140	1	0	0
p1141	1	0	0
p1142	1	0	0
p1143	1	0	0
p1144	1	0	0
p1145	1	0	0
p1146	1	0	0
p1147	1	0	0
p1148	1	0	0
p1149	1	0	0
p1150	1	0	0
p1151	1	0	0
p1152	1	0	0
p1153	1	0	0
p1154	1	0	0
p1155	1	0	0
p1156	1	0	0
p1157	1	0	0
p1158	1	0	0
p1159	1	0	0
p1160	1	0	0
p1161	1	0	0
p1162	1	0	0
p1163	1	0	0
p1164	1	0	0
p1165	1	0	0
p1166	1	0	0
p1167	1	0	0
p1168	1	0	0
p1169	1	0	0
p1170	1	0	0
p1171	1	0	0
p1172	1	0	0
p1173	1	0	0
p1174	1	0	0
p1175	1	0	0
p1176	1	0	0
p1177	1	0	0
p1178	1	0	0
p1179	1	0	0
p1180	1	0	0
p1181	1	0	0
p1182	1	0	0
p1183	1	0	0
p1184	1	0	0
p1185	1	0	0
p1186	1	0	0
p1187	1	0	0
p1188	1	0	0
p1189	1	0	0
p1190	1	0	0
p1191	1	0	0
p1192	1	0	0
p1193	1	0	0
p1194	1	0	0
p1195	1	0	0
p1196	1	0	0
p1197	1	0	0
p1198	1	0	0
p1199	1	0	0
p1200	1	0	0
p1201	1	0	0
p1202	1	0	0
p1203	1	0	0
p1204	1	0	0
p1205	1	0	0
p1206	1	0	0
p1207	1	0	0
p1208	1	0	0
p1209	1	0	0
p1210	1	0	0
p1211	1	0	0
p1212	1	0	0
p1213	1	0	0
p1214	1	0	0
p1215	1	0	0
p1216	1	0	0
p1217	1	0	0
p1218	1	0	0
p1219	1	0	0
p1220	1	0	0
p1221	1	0	0
p1222	1	0	0
p1223	1	0	0
p1224	1	0	0
p1225	1	0	0
p1226	1	0	0
p1227	1	0	0
p1228	1	0	0
p1229	1	0	0
p1230	1	0	0
p1231	1	0	0
p1232	1	0	0
p1233	1	0	0
p1234	1	0	0
p1235	1	0	0
p1236	1	0	0
p1237	1	0	0
p1238	1	0	0
p1239	1	0	0
p1240	1	0	0
p1241	1	0	0
p1242	1	0	0
p1243	1	0	0
p1244	1	0	0
p1245	1	0	0
p1246	1	0	0
p1247	1	0	0
p1248	1	0	0
p1249	1	0	0
p1250	1	0	0
p1251	1	0	0
p1252	1	0	0
p1253	1	0	0
p1254	1	0	0
p1255	1	0	0
p1256	1	0	0
p1257	1	0	0
p1258	1	0	0
p1259	1	0	0
p1260	1	0	0
p1261	1	0	0
p1262	1	0	0
p1263	1	0	0
p1264	1	0	0
p1265	1	0	0
p1266	1	0	0
p1267	1	0	0
p1268	1	0	0
p1269	1	0	0
p1270	1	0	0
p1271	1	0	0
p1272	1	0	0
p1273	1	0	0
p1274	1	0	0
p1275	1	0	0
p1276	1	0	0
p1277	1	0	0
p1278	1	0	0
p1279	1	0	0
p1280	1	0	0
p1281	1	0	0
p1282	1	0	0
p1283	1	0	0
p1284	1	0	0
p1285	1	0	0
p1286	1	0	0
p1287	1	0	0
p1288	1	0	0
p1289	1	0	0
p1290	1	0	0
p1291	1	0	0
p1292	1	0	0
p1293	1	0	0
p1294	1	0	0
p1295	1	0	0
p1296	1	0	0
p1297	1	0	0
p1298	1	0	0
p1299	1	0	0
p1300	1	0	0
p1301	1	0	0
p1302	1	0	0
p1303	1	0	0
p1304	1	0	0
p1305	1	0	0
p1306	1	0	0
p1307	1	0	0
p1308	1	0	0
p1309	1	0	0
p1310	1	0	0
p1311	1	0	0
p1312	1	0	0
p1313	1	0	0
p1314	1	0	0
p1315	1	0	0
p1316	1	0	0
p1317	1	0	0
p1318	1	0	0
p1319	1	0	0
p1320	1	0	0
p1321	1	0	0
p1322	1	0	0
p1323	1	0	0
p1324	1	0	0
p1325	1	0	0
p1326	1	0	0
p1327	1	0	0
p1328	1	0	0
p1329	1	0	0
p1330	1	0	0
p1331	1	0	0
p1332	1	0	0
p1333	1	0	0
p1334	1	0	0
p1335	1	0	0
p1336	1	0	0
p1337	1	0	0
p1338	1	0	0
p1339	1	0	0
p1340	1	0	0
p1341	1	0	0
p1342	1	0	0
p1343	1	0	0
p1344	1	0	0
p1345	1	0	0
p1346	1	0	0
p1347	1	0	0
p1348	1	0	0
p1349	1	0	0
p1350	1	0	0
p1351	1	0	0
p1352	1	0	0
p1353	1	0	0
p1354	1	0	0
p1355	1	0	0
p1356	1	0	0
p1357	1	0	0
p1358	1	0	0
p1359	1	0	0
p1360	1	0	0
p1361	1	0	0
p1362	1	0	0
p1363	1	0	0
p1364	1	0	0
p1365	1	0	0
p1366	1	0	0
p1367	1	0	0
p1368	1	0	0
p1369	1	0	0
p1370	1	0	0
p1371	1	0	0
p1372	1	0	0
p1373	1	0	0
p1374	1	0	0
p1375	1	0	0
p1376	1	0	0
p1377	1	0	0
p1378	1	0	0
p1379	1	0	0
p1380	1	0	0
p1381	1	0	0
p1382	1	0	0
p1383	1	0	0
p1384	1	0	0
p1385	1	0	0
p1386	1	0	0
p1387	1	0	0
p1388	1	0	0
p1389	1	0	0
p1390	1	0	0
p1391	1	0	0
p1392	1	0	0
p1393	1	0	0
p1394	1	0	0
p1395	1	0	0
p1396	1	0	0
p1397	1	0	0
p1398	1	0	0
p1399	1	0	0
p1400	1	0	0
p1401	1	0	0
p1402	1	0	0
p1403	1	0	0
p1404	1	0	0
p1405	1	0	0
p1406	1	0	0
p1407	1	0	0
p1408	1	0	0
p1409	1	0	0
p1410	1	0	0
p1411	1	0	0
p1413	1	0	0
p1414	1	0	0
p1415	1	0	0
p1416	1	0	0
p1417	1	0	0
p1418	1	0	0
p1419	1	0	0
p1420	1	0	0
p1421	1	0	0
p1422	1	0	0
p1423	1	0	0
p1424	1	0	0
p1425	1	0	0
p1426	1	0	0
p1427	1	0	0
p1428	1	0	0
p1429	1	0	0
p1430	1	0	0
p1431	1	0	0
p1432	1	0	0
p1433	1	0	0
p1434	1	0	0
p1435	1	0	0
p1436	1	0	0
p1437	1	0	0
p1438	1	0	0
p1439	1	0	0
p1440	1	0	0
p1441	1	0	0
p1442	1	0	0
p1443	1	0	0
p1444	1	0	0
p1445	1	0	0
p1446	1	0	0
p1447	1	0	0
p1448	1	0	0
p1449	1	0	0
p1450	1	0	0
p1451	1	0	0
p1452	1	0	0
p1453	1	0	0
p1454	1	0	0
p1455	1	0	0
p1456	1	0	0
p1457	1	0	0
p1458	1	0	0
p1459	1	0	0
p1460	1	0	0
p1461	1	0	0
p1462	1	0	0
p1463	1	0	0
p1464	1	0	0
p1465	1	0	0
p1466	1	0	0
p1467	1	0	0
p1468	1	0	0
p1469	1	0	0
p1470	1	0	0
p1471	1	0	0
p1472	1	0	0
p1473	1	0	0
p1474	1	0	0
p1475	1	0	0
p1476	1	0	0
p1477	1	0	0
p1478	1	0	0
p1479	1	0	0
p1480	1	0	0
p1481	1	0	0
p1482	1	0	0
p1483	1	0	0
p1484	1	0	0
p1485	1	0	0
p1486	1	0	0
p1487	1	0	0
p1488	1	0	0
p1489	1	0	0
p1490	1	0	0
p1491	1	0	0
p1492	1	0	0
p1493	1	0	0
p1494	1	0	0
p1495	1	0	0
p1496	1	0	0
p1497	1	0	0
p1498	1	0	0
p1499	1	0	0
p1500	1	0	0
p1501	1	0	0
p1502	1	0	0
p1503	1	0	0
p1504	1	0	0
p1505	1	0	0
p1506	1	0	0
p1507	1	0	0
p1508	1	0	0
p1509	1	0	0
p1510	1	0	0
p1511	1	0	0
p1512	1	0	0
p1513	1	0	0
p1514	1	0	0
p1515	1	0	0
p1516	1	0	0
p1517	1	0	0
p1518	1	0	0
p1519	1	0	0
p1520	1	0	0
p1521	1	0	0
p1522	1	0	0
p1523	1	0	0
p1524	1	0	0
p1525	1	0	0
p1526	1	0	0
p1550	1	0	0
p1551	1	0	0
p1552	1	0	0
p1553	1	0	0
p1554	1	0	0
p1555	1	0	0
p1556	1	0	0
p1557	1	0	0
p1558	1	0	0
p1559	1	0	0
p1560	1	0	0
p1561	1	0	0
p1562	1	0	0
p1563	1	0	0
p1564	1	0	0
p1565	1	0	0
p1566	1	0	0
p1567	1	0	0
p1568	1	0	0
p1569	1	0	0
p1570	1	0	0
p1571	1	0	0
p1572	1	0	0
p1573	1	0	0
p1574	1	0	0
p1575	1	0	0
p1576	1	0	0
p1577	1	0	0
p1578	1	0	0
p1579	1	0	0
p1580	1	0	0
p1581	1	0	0
p1582	1	0	0
p1583	1	0	0
p1584	1	0	0
p1585	1	0	0
p1586	1	0	0
p1587	1	0	0
p1588	1	0	0
p1589	1	0	0
p1590	1	0	0
p1591	1	0	0
p1592	1	0	0
p1593	1	0	0
p1594	1	0	0
p1595	1	0	0
p1596	1	0	0
p1597	1	0	0
p1598	1	0	0
p1599	1	0	0
p1600	1	0	0
p1601	1	0	0
p1602	1	0	0
p1603	1	0	0
p1604	1	0	0
p1605	1	0	0
p1606	1	0	0
p1607	1	0	0
p1608	1	0	0
p1609	1	0	0
p1610	1	0	0
p1636	1	0	0
p1637	1	0	0
p1638	1	0	0
p1639	1	0	0
p1640	1	0	0
p1641	1	0	0
p1642	1	0	0
p1643	1	0	0
p1644	1	0	0
p1645	1	0	0
p1646	1	0	0
p1647	1	0	0
p1648	1	0	0
p1649	1	0	0
p1650	1	0	0
p1651	1	0	0
p1652	1	0	0
p1653	1	0	0
p1654	1	0	0
p1655	1	0	0
p1656	1	0	0
p1657	1	0	0
p1658	1	0	0
p1659	1	0	0
p1660	1	0	0
p1661	1	0	0
p1662	1	0	0
p1663	1	0	0
p1664	1	0	0
p1665	1	0	0
p1666	1	0	0
p1667	1	0	0
p1668	1	0	0
p1669	1	0	0
p1670	1	0	0
p1671	1	0	0
p1672	1	0	0
p1673	1	0	0
p1674	1	0	0
p1675	1	0	0
p1676	1	0	0
p1677	1	0	0
p1678	1	0	0
p1679	1	0	0
p1680	1	0	0
p1681	1	0	0
p1682	1	0	0
p1683	1	0	0
p1684	1	0	0
p1685	1	0	0
p1686	1	0	0
p1687	1	0	0
p1688	1	0	0
p1689	1	0	0
p1690	1	0	0
p1691	1	0	0
p1692	1	0	0
p1693	1	0	0
p1759	1	0	0
p1760	1	0	0
p1788	1	0	0
p1789	1	0	0
p1790	1	0	0
p1791	1	0	0
p1792	1	0	0
p1793	1	0	0
p1794	1	0	0
p1795	1	0	0
p1796	1	0	0
p1797	1	0	0
p1798	1	0	0
p1799	1	0	0
p1800	1	0	0
p1801	1	0	0
p1802	1	0	0
p1803	1	0	0
p1804	1	0	0
p1805	1	0	0
p1806	1	0	0
p1807	1	0	0
p1808	1	0	0
p1809	1	0	0
p1810	1	0	0
p1811	1	0	0
p1812	1	0	0
p1813	1	0	0
p1814	1	0	0
p1815	1	0	0
p1816	1	0	0
p1817	1	0	0
p1818	1	0	0
p1819	1	0	0
p1820	1	0	0
p1821	1	0	0
p1822	1	0	0
p1823	1	0	0
p1824	1	0	0
p1825	1	0	0
p1826	1	0	0
p1827	1	0	0
p1828	1	0	0
p1829	1	0	0
p1830	1	0	0
p1831	1	0	0
p1832	1	0	0
p1833	1	0	0
p1834	1	0	0
p1835	1	0	0
p1836	1	0	0
p1837	1	0	0
p1838	1	0	0
p1839	1	0	0
p1840	1	0	0
p1841	1	0	0
p1842	1	0	0
p1843	1	0	0
p1844	1	0	0
p1845	1	0	0
p1846	1	0	0
p1847	1	0	0
p1848	1	0	0
p1849	1	0	0
p1850	1	0	0
p1851	1	0	0
p1852	1	0	0
p1853	1	0	0
p1854	1	0	0
p1855	1	0	0
p1856	1	0	0
p1857	1	0	0
p1858	1	0	0
p1859	1	0	0
p1860	1	0	0
p1861	1	0	0
p1862	1	0	0
p1863	1	0	0
p1864	1	0	0
p1865	1	0	0
p1866	1	0	0
p1867	1	0	0
p1868	1	0	0
p1869	1	0	0
p1870	1	0	0
p1871	1	0	0
p1872	1	0	0
p1873	1	0	0
p1911	1	0	0
p1912	1	0	0
p1913	1	0	0
p1914	1	0	0
p1915	1	0	0
p1916	1	0	0
p1917	1	0	0
p1918	1	0	0
p1919	1	0	0
p1920	1	0	0
p1921	1	0	0
p1922	1	0	0
p1923	1	0	0
p1924	1	0	0
p1925	1	0	0
p1926	1	0	0
p1927	1	0	0
p1928	1	0	0
p1929	1	0	0
p1930	1	0	0
p1931	1	0	0
p1932	1	0	0
p1933	1	0	0
p1934	1	0	0
p1935	1	0	0
p1936	1	0	0
p1937	1	0	0
p1938	1	0	0
p1939	1	0	0
p1940	1	0	0
p1941	1	0	0
p1942	1	0	0
p1943	1	0	0
p1944	1	0	0
p1945	1	0	0
p1946	1	0	0
p1947	1	0	0
p1948	1	0	0
p1949	1	0	0
p1950	1	0	0
p1951	1	0	0
p1952	1	0	0
p1953	1	0	0
p1954	1	0	0
p1955	1	0	0
p1956	1	0	0
p1957	1	0	0
p1958	1	0	0
p1959	1	0	0
p1960	1	0	0
p1961	1	0	0
p1962	1	0	0
p1963	1	0	0
p1964	1	0	0
p1965	1	0	0
p1966	1	0	0
p1967	1	0	0
p1968	1	0	0
p1969	1	0	0
p1970	1	0	0
p1971	1	0	0
p1972	1	0	0
p1973	1	0	0
p1974	1	0	0
p1975	1	0	0
p1976	1	0	0
p1977	1	0	0
p1978	1	0	0
p1979	1	0	0
p1980	1	0	0
p1981	1	0	0
p1982	1	0	0
p1983	1	0	0
p1984	1	0	0
p1985	1	0	0
p1986	1	0	0
p1987	1	0	0
p1988	1	0	0
p1989	1	0	0
p1990	1	0	0
p1991	1	0	0
p1992	1	0	0
p1993	1	0	0
p1994	1	0	0
p1995	1	0	0
p1996	1	0	0
p1997	1	0	0
p1998	1	0	0
p1999	1	0	0
p2000	1	0	0
p2001	1	0	0
p2002	1	0	0
p2003	1	0	0
p2004	1	0	0
p2005	1	0	0
p2006	1	0	0
p2007	1	0	0
p2008	1	0	0
p2009	1	0	0
p2010	1	0	0
p2011	1	0	0
p2012	1	0	0
p2013	1	0	0
p2014	1	0	0
p2015	1	0	0
p2016	1	0	0
p2017	1	0	0
p2053	1	0	0
p2054	1	0	0
p2055	1	0	0
p2056	1	0	0
p2057	1	0	0
p2058	1	0	0
p2059	1	0	0
p2060	1	0	0
p2061	1	0	0
p2062	1	0	0
p2063	1	0	0
p2064	1	0	0
p2065	1	0	0
p2066	1	0	0
p2067	1	0	0
p2068	1	0	0
p2069	1	0	0
p2070	1	0	0
p2071	1	0	0
p2072	1	0	0
p2073	1	0	0
p2074	1	0	0
p2075	1	0	0
p2076	1	0	0
p2077	1	0	0
p2078	1	0	0
p2079	1	0	0
p2080	1	0	0
p2081	1	0	0
p2082	1	0	0
p2083	1	0	0
p2084	1	0	0
p2085	1	0	0
p2086	1	0	0
p2087	1	0	0
p2088	1	0	0
p2089	1	0	0
p2090	1	0	0
p2091	1	0	0
p2092	1	0	0
p2093	1	0	0
p2094	1	0	0
p2095	1	0	0
p2096	1	0	0
p2097	1	0	0
p2098	1	0	0
p2099	1	0	0
p2100	1	0	0
p2101	1	0	0
p2102	1	0	0
p2103	1	0	0
p2104	1	0	0
p2105	1	0	0
p2106	1	0	0
p2107	1	0	0
p2108	1	0	0
p2109	1	0	0
p2110	1	0	0
p2111	1	0	0
p2112	1	0	0
p2113	1	0	0
p2114	1	0	0
p2115	1	0	0
p2116	1	0	0
p2117	1	0	0
p2118	1	0	0
p2119	1	0	0
p2120	1	0	0
p2121	1	0	0
p2122	1	0	0
p2123	1	0	0
p2124	1	0	0
p2125	1	0	0
p2126	1	0	0
p2127	1	0	0
p2128	1	0	0
p2129	1	0	0
p2130	1	0	0
p2131	1	0	0
p2132	1	0	0
p2133	1	0	0
p2134	1	0	0
p2135	1	0	0
p2136	1	0	0
p2137	1	0	0
p2138	1	0	0
p2139	1	0	0
p2140	1	0	0
p2141	1	0	0
p2142	1	0	0
p2143	1	0	0
p2144	1	0	0
p2145	1	0	0
p2146	1	0	0
p2147	1	0	0
p2148	1	0	0
p2149	1	0	0
p2150	1	0	0
p2151	1	0	0
p2152	1	0	0
p2153	1	0	0
p2154	1	0	0
p2155	1	0	0
p2156	1	0	0
p2157	1	0	0
p2158	1	0	0
p2159	1	0	0
p2160	1	0	0
p2161	1	0	0
p2162	1	0	0
p2163	1	0	0
p2164	1	0	0
p2165	1	0	0
p2166	1	0	0
p2167	1	0	0
p2168	1	0	0
p2169	1	0	0
p2170	1	0	0
p2171	1	0	0
p2172	1	0	0
p2173	1	0	0
p2174	1	0	0
p2175	1	0	0
p2176	1	0	0
p2177	1	0	0
p2178	1	0	0
p2179	1	0	0
p2180	1	0	0
p2181	1	0	0
p2182	1	0	0
p2183	1	0	0
p2184	1	0	0
p2185	1	0	0
p2186	1	0	0
p2187	1	0	0
p2188	1	0	0
p2189	1	0	0
p2190	1	0	0
p2191	1	0	0
p2192	1	0	0
p2193	1	0	0
p2194	1	0	0
p2195	1	0	0
p2196	1	0	0
p2197	1	0	0
p2198	1	0	0
p2199	1	0	0
p2200	1	0	0
p2201	1	0	0
p2202	1	0	0
p2203	1	0	0
p2204	1	0	0
p2205	1	0	0
p2206	1	0	0
p2207	1	0	0
p2208	1	0	0
p2209	1	0	0
p2210	1	0	0
p2211	1	0	0
p2212	1	0	0
p2213	1	0	0
p2214	1	0	0
p2215	1	0	0
p2216	1	0	0
p2217	1	0	0
p2218	1	0	0
p2219	1	0	0
p2220	1	0	0
p2221	1	0	0
p2222	1	0	0
p2223	1	0	0
p2224	1	0	0
p2225	1	0	0
p2226	1	0	0
p2227	1	0	0
p2228	1	0	0
p2229	1	0	0
p2230	1	0	0
p2231	1	0	0
p2232	1	0	0
p2233	1	0	0
p2234	1	0	0
p2235	1	0	0
p2236	1	0	0
p2237	1	0	0
p2238	1	0	0
p2239	1	0	0
p2240	1	0	0
p2241	1	0	0
p2242	1	0	0
p2243	1	0	0
p2244	1	0	0
p2245	1	0	0
p2246	1	0	0
p2247	1	0	0
p2248	1	0	0
p2249	1	0	0
p2250	1	0	0
p2251	1	0	0
p2252	1	0	0
p2253	1	0	0
p2254	1	0	0
p2255	1	0	0
p2256	1	0	0
p2257	1	0	0
p2258	1	0	0
p2259	1	0	0
p2260	1	0	0
p2261	1	0	0
p2262	1	0	0
p2263	1	0	0
p2264	1	0	0
p2265	1	0	0
p2266	1	0	0
p2267	1	0	0
p2268	1	0	0
p2269	1	0	0
p2270	1	0	0
p2271	1	0	0
p2272	1	0	0
p2273	1	0	0
p2274	1	0	0
p2275	1	0	0
p2276	1	0	0
p2277	1	0	0
p2278	1	0	0
p2279	1	0	0
p2280	1	0	0
p2281	1	0	0
p2282	1	0	0
p2283	1	0	0
p2284	1	0	0
p2285	1	0	0
p2286	1	0	0
p2287	1	0	0
p2288	1	0	0
p2289	1	0	0
p2290	1	0	0
p2291	1	0	0
p2292	1	0	0
p2293	1	0	0
p2294	1	0	0
p2295	1	0	0
p2296	1	0	0
p2297	1	0	0
p2298	1	0	0
p2299	1	0	0
p2300	1	0	0
p2301	1	0	0
p2302	1	0	0
p2303	1	0	0
p2304	1	0	0
p2305	1	0	0
p2306	1	0	0
p2307	1	0	0
p2308	1	0	0
p2309	1	0	0
p2310	1	0	0
p2311	1	0	0
p2312	1	0	0
p2313	1	0	0
p2766	1	0	0
p2767	1	0	0
p2768	1	0	0
p2769	1	0	0
p2770	1	0	0
p2771	1	0	0
p2772	1	0	0
p2773	1	0	0
p2774	1	0	0
p2775	1	0	0
p2776	1	0	0
p2777	1	0	0
p2778	1	0	0
p2779	1	0	0
p2780	1	0	0
p2781	1	0	0
p2782	1	0	0
p2783	1	0	0
p2784	1	0	0
p2785	1	0	0
p2786	1	0	0
p2787	1	0	0
p2788	1	0	0
p2789	1	0	0
p2790	1	0	0
p2791	1	0	0
p2792	1	0	0
p2793	1	0	0
p2794	1	0	0
p2795	1	0	0
p2796	1	0	0
p2797	1	0	0
p2798	1	0	0
p2799	1	0	0
p2800	1	0	0
p2801	1	0	0
p2802	1	0	0
p2803	1	0	0
p2804	1	0	0
p2805	1	0	0
p2806	1	0	0
p2807	1	0	0
p2808	1	0	0
p2809	1	0	0
p2810	1	0	0
p2811	1	0	0
p2812	1	0	0
p2813	1	0	0
p2814	1	0	0
p2815	1	0	0
p2816	1	0	0
p2817	1	0	0
p2818	1	0	0
p2819	1	0	0
p2820	1	0	0
p2821	1	0	0
p2822	1	0	0
p2823	1	0	0
p2824	1	0	0
p2825	1	0	0
p2826	1	0	0
p2827	1	0	0
p2828	1	0	0
p2829	1	0	0
p2830	1	0	0
p2831	1	0	0
p2832	1	0	0
p2833	1	0	0
p2834	1	0	0
p2835	1	0	0
p2836	1	0	0
p2837	1	0	0
p2838	1	0	0
p2839	1	0	0
p2840	1	0	0
p2841	1	0	0
p2842	1	0	0
p2843	1	0	0
p2844	1	0	0
p2845	1	0	0
p2846	1	0	0
p2847	1	0	0
p2848	1	0	0
p2849	1	0	0
p2850	1	0	0
p2851	1	0	0
p2852	1	0	0
p2853	1	0	0
p2854	1	0	0
p2855	1	0	0
p2856	1	0	0
p2857	1	0	0
p2858	1	0	0
p2859	1	0	0
p2860	1	0	0
p2861	1	0	0
p2862	1	0	0
p2863	1	0	0
p2864	1	0	0
p2865	1	0	0
p2866	1	0	0
p2867	1	0	0
p2868	1	0	0
p2869	1	0	0
p2870	1	0	0
p2871	1	0	0
p2872	1	0	0
p2873	1	0	0
p2874	1	0	0
p2875	1	0	0
p2876	1	0	0
p2877	1	0	0
p2878	1	0	0
p2879	1	0	0
p2880	1	0	0
p2881	1	0	0
p1527	0	1	0
p1528	0	1	0
p1529	0	1	0
p1530	0	1	0
p1531	0	1	0
p1532	0	1	0
p1533	0	1	0
p1534	0	1	0
p1535	0	1	0
p1536	0	1	0
p1537	0	1	0
p1538	0	1	0
p1539	0	1	0
p1540	0	1	0
p1541	0	1	0
p1542	0	1	0
p1543	0	1	0
p1544	0	1	0
p1545	0	1	0
p1546	0	1	0
p1547	0	1	0
p1548	0	1	0
p1549	0	1	0
p1611	0	1	0
p1612	0	1	0
p1613	0	1	0
p1614	0	1	0
p1615	0	1	0
p1616	0	1	0
p1617	0	1	0
p1618	0	1	0
p1619	0	1	0
p1620	0	1	0
p1621	0	1	0
p1622	0	1	0
p1623	0	1	0
p1624	0	1	0
p1625	0	1	0
p1626	0	1	0
p1627	0	1	0
p1628	0	1	0
p1629	0	1	0
p1630	0	1	0
p1631	0	1	0
p1632	0	1	0
p1633	0	1	0
p1634	0	1	0
p1635	0	1	0
p1694	0	1	0
p1695	0	1	0
p1696	0	1	0
p1697	0	1	0
p1698	0	1	0
p1699	0	1	0
p1700	0	1	0
p1701	0	1	0
p1702	0	1	0
p1703	0	1	0
p1704	0	1	0
p1705	0	1	0
p1706	0	1	0
p1707	0	1	0
p1708	0	1	0
p1709	0	1	0
p1710	0	1	0
p1711	0	1	0
p1712	0	1	0
p1713	0	1	0
p1714	0	1	0
p1715	0	1	0
p1716	0	1	0
p1717	0	1	0
p1718	0	1	0
p1719	0	1	0
p1720	0	1	0
p1721	0	1	0
p1722	0	1	0
p1723	0	1	0
p1724	0	1	0
p1725	0	1	0
p1726	0	1	0
p1727	0	1	0
p1728	0	1	0
p1729	0	1	0
p1730	0	1	0
p1731	0	1	0
p1732	0	1	0
p1733	0	1	0
p1734	0	1	0
p1735	0	1	0
p1736	0	1	0
p1737	0	1	0
p1738	0	1	0
p1739	0	1	0
p1740	0	1	0
p1741	0	1	0
p1742	0	1	0
p1743	0	1	0
p1744	0	1	0
p1745	0	1	0
p1746	0	1	0
p1747	0	1	0
p1748	0	1	0
p1749	0	1	0
p1750	0	1	0
p1751	0	1	0
p1752	0	1	0
p1753	0	1	0
p1754	0	1	0
p1755	0	1	0
p1756	0	1	0
p1757	0	1	0
p1758	0	1	0
p1761	0	1	0
p1762	0	1	0
p1763	0	1	0
p1764	0	1	0
p1765	0	1	0
p1766	0	1	0
p1767	0	1	0
p1768	0	1	0
p1769	0	1	0
p1770	0	1	0
p1771	0	1	0
p1772	0	1	0
p1773	0	1	0
p1774	0	1	0
p1775	0	1	0
p1776	0	1	0
p1777	0	1	0
p1778	0	1	0
p1779	0	1	0
p1780	0	1	0
p1781	0	1	0
p1782	0	1	0
p1783	0	1	0
p1784	0	1	0
p1785	0	1	0
p1786	0	1	0
p1787	0	1	0
p1874	0	1	0
p1875	0	1	0
p1876	0	1	0
p1877	0	1	0
p1878	0	1	0
p1879	0	1	0
p1880	0	1	0
p1881	0	1	0
p1882	0	1	0
p1883	0	1	0
p1884	0	1	0
p1885	0	1	0
p1886	0	1	0
p1887	0	1	0
p1888	0	1	0
p1889	0	1	0
p1890	0	1	0
p1891	0	1	0
p1892	0	1	0
p1893	0	1	0
p1894	0	1	0
p1895	0	1	0
p1896	0	1	0
p1897	0	1	0
p1898	0	1	0
p1899	0	1	0
p1900	0	1	0
p1901	0	1	0
p1902	0	1	0
p1903	0	1	0
p1904	0	1	0
p1905	0	1	0
p1906	0	1	0
p1907	0	1	0
p1908	0	1	0
p1909	0	1	0
p1910	0	1	0
p2018	0	1	0
p2019	0	1	0
p2020	0	1	0
p2021	0	1	0
p2022	0	1	0
p2023	0	1	0
p2024	0	1	0
p2025	0	1	0
p2026	0	1	0
p2027	0	1	0
p2028	0	1	0
p2029	0	1	0
p2030	0	1	0
p2031	0	1	0
p2032	0	1	0
p2033	0	1	0
p2034	0	1	0
p2035	0	1	0
p2036	0	1	0
p2037	0	1	0
p2038	0	1	0
p2039	0	1	0
p2040	0	1	0
p2041	0	1	0
p2042	0	1	0
p2043	0	1	0
p2044	0	1	0
p2045	0	1	0
p2046	0	1	0
p2047	0	1	0
p2048	0	1	0
p2049	0	1	0
p2050	0	1	0
p2051	0	1	0
p2052	0	1	0
p2988	0	1	0
p2989	0	1	0
p2990	0	1	0
p2991	0	1	0
p2992	0	1	0
p2993	0	1	0
p2994	0	1	0
p2995	0	1	0
p2996	0	1	0
p2997	0	1	0
p2998	0	1	0
p2999	0	1	0
p3000	0	1	0
p3001	0	1	0
p3002	0	1	0
p3003	0	1	0
p3004	0	1	0
p3005	0	1	0
p3006	0	1	0
p3007	0	1	0
p3008	0	1	0
p3009	0	1	0
p3010	0	1	0
p3011	0	1	0
p3012	0	1	0
p3013	0	1	0
p3014	0	1	0
p3015	0	1	0
p3016	0	1	0
p3017	0	1	0
p3018	0	1	0
p3019	0	1	0
p3020	0	1	0
p3021	0	1	0
p3022	0	1	0
p3023	0	1	0
p3024	0	1	0
p3025	0	1	0
p3026	0	1	0
p3027	0	1	0
p3028	0	1	0
p3029	0	1	0
p3030	0	1	0
p3031	0	1	0
p3032	0	1	0
p3033	0	1	0
p3034	0	1	0
p3035	0	1	0
p3036	0	1	0
p3037	0	1	0
p3038	0	1	0
p3039	0	1	0
p3040	0	1	0
p3041	0	1	0
p3042	0	1	0
p3043	0	1	0
p3044	0	1	0
p3045	0	1	0
p3046	0	1	0
p3047	0	1	0
p3048	0	1	0
p3049	0	1	0
p3050	0	1	0
p3051	0	1	0
p3052	0	1	0
p3053	0	1	0
p3054	0	1	0
p3055	0	1	0
p3056	0	1	0
p3057	0	1	0
p3058	0	1	0
p3059	0	1	0
p3060	0	1	0
p3061	0	1	0
p3062	0	1	0
p3063	0	1	0
p3064	0	1	0
p3065	0	1	0
p3066	0	1	0
p3067	0	1	0
p3068	0	1	0
p3069	0	1	0
p3070	0	1	0
p3071	0	1	0
p3072	0	1	0
p3073	0	1	0
p3074	0	1	0
p3075	0	1	0
p3076	0	1	0
p3077	0	1	0
p3078	0	1	0
p3079	0	1	0
p3080	0	1	0
p3081	0	1	0
p3082	0	1	0
p3083	0	1	0
p3084	0	1	0
p3085	0	1	0
p3086	0	1	0
p3087	0	1	0
p3088	0	1	0
p3089	0	1	0
p3090	0	1	0
p3091	0	1	0
p3092	0	1	0
p3093	0	1	0
p3094	0	1	0
p3095	0	1	0
p3096	0	1	0
p3097	0	1	0
p3098	0	1	0
p3099	0	1	0
p3100	0	1	0
p3101	0	1	0
p3102	0	1	0
p3103	0	1	0
p3104	0	1	0
p3105	0	1	0
p3106	0	1	0
p3107	0	1	0
p3108	0	1	0
p3109	0	1	0
p3110	0	1	0
p3111	0	1	0
p3112	0	1	0
p3113	0	1	0
p3114	0	1	0
p3115	0	1	0
p3116	0	1	0
p3117	0	1	0
p3118	0	1	0
p3119	0	1	0
p3120	0	1	0
p3121	0	1	0
p3122	0	1	0
p3123	0	1	0
p3124	0	1	0
p3125	0	1	0
p3126	0	1	0
p3127	0	1	0
p3128	0	1	0
p3129	0	1	0
p3130	0	1	0
p3131	0	1	0
p3132	0	1	0
p3133	0	1	0
p3134	0	1	0
p3135	0	1	0
p3136	0	1	0
p3137	0	1	0
p3138	0	1	0
p3139	0	1	0
p3140	0	1	0
p3141	0	1	0
p3142	0	1	0
p3143	0	1	0
p3144	0	1	0
p3145	0	1	0
p3146	0	1	0
p3147	0	1	0
p3148	0	1	0
p3149	0	1	0
p3150	0	1	0
p3151	0	1	0
p3152	0	1	0
p3153	0	1	0
p3154	0	1	0
p3155	0	1	0
p3156	0	1	0
p3157	0	1	0
p3158	0	1	0
p3159	0	1	0
p3160	0	1	0
p3161	0	1	0
p3162	0	1	0
p3163	0	1	0
p3164	0	1	0
p3165	0	1	0
p3166	0	1	0
p3167	0	1	0
p3168	0	1	0
p3169	0	1	0
p3170	0	1	0
p3171	0	1	0
p3172	0	1	0
p3173	0	1	0
p3174	0	1	0
p3175	0	1	0
p3176	0	1	0
p3177	0	1	0
p3178	0	1	0
p3179	0	1	0
p3180	0	1	0
p3181	0	1	0
p3182	0	1	0
p3183	0	1	0
p3184	0	1	0
p3185	0	1	0
p3186	0	1	0
p3187	0	1	0
p3188	0	1	0
p3189	0	1	0
p3190	0	1	0
p3191	0	1	0
p3192	0	1	0
p3193	0	1	0
p3194	0	1	0
p3195	0	1	0
p3196	0	1	0
p3197	0	1	0
p3198	0	1	0
p3199	0	1	0
p3200	0	1	0
p3201	0	1	0
p3202	0	1	0
p3203	0	1	0
p3204	0	1	0
p3205	0	1	0
p3206	0	1	0
p3207	0	1	0
p3208	0	1	0
p3209	0	1	0
p3210	0	1	0
p3211	0	1	0
p3212	0	1	0
p3213	0	1	0
p3214	0	1	0
p3215	0	1	0
p3216	0	1	0
p3217	0	1	0
p3218	0	1	0
p3219	0	1	0
p3220	0	1	0
p3221	0	1	0
p3222	0	1	0
p3223	0	1	0
p3224	0	1	0
p3225	0	1	0
p3226	0	1	0
p3227	0	1	0
p3228	0	1	0
p3229	0	1	0
p3230	0	1	0
p3231	0	1	0
p3232	0	1	0
p3233	0	1	0
p3234	0	1	0
p3235	0	1	0
p3236	0	1	0
p3237	0	1	0
p3238	0	1	0
p3239	0	1	0
p3240	0	1	0
p3241	0	1	0
p3242	0	1	0
p3243	0	1	0
p3244	0	1	0
p3245	0	1	0
p3246	0	1	0
p3247	0	1	0
p3248	0	1	0
p3249	0	1	0
p3250	0	1	0
p3251	0	1	0
p3252	0	1	0
p3253	0	1	0
p3254	0	1	0
p3255	0	1	0
p3256	0	1	0
p3257	0	1	0
p3258	0	1	0
p3259	0	1	0
p3260	0	1	0
p3261	0	1	0
p3262	0	1	0
p3263	0	1	0
p3264	0	1	0
p3265	0	1	0
p3266	0	1	0
p3267	0	1	0
p3268	0	1	0
p3269	0	1	0
p3270	0	1	0
p3271	0	1	0
p3272	0	1	0
p3273	0	1	0
p3274	0	1	0
p3275	0	1	0
p3276	0	1	0
p3277	0	1	0
p3278	0	1	0
p3403	0	1	0
p3404	0	1	0
p3405	0	1	0
p3406	0	1	0
p3407	0	1	0
p3408	0	1	0
p3409	0	1	0
p3410	0	1	0
p3411	0	1	0
p3412	0	1	0
p3413	0	1	0
p3414	0	1	0
p3415	0	1	0
p3416	0	1	0
p3417	0	1	0
p3418	0	1	0
p3419	0	1	0
p3420	0	1	0
p3421	0	1	0
p3422	0	1	0
p3423	0	1	0
p3424	0	1	0
p3425	0	1	0
p3426	0	1	0
p3427	0	1	0
p3428	0	1	0
p3429	0	1	0
p3430	0	1	0
p3431	0	1	0
p3432	0	1	0
p3433	0	1	0
p3434	0	1	0
p3435	0	1	0
p3436	0	1	0
p3437	0	1	0
p3438	0	1	0
p3439	0	1	0
p3440	0	1	0
p3441	0	1	0
p3442	0	1	0
p3443	0	1	0
p3444	0	1	0
p3445	0	1	0
p3446	0	1	0
p3447	0	1	0
p3448	0	1	0
p3449	0	1	0
p3450	0	1	0
p3451	0	1	0
p3452	0	1	0
p3453	0	1	0
p3454	0	1	0
p3455	0	1	0
p3456	0	1	0
p3457	0	1	0
p3458	0	1	0
p3459	0	1	0
p3460	0	1	0
p3461	0	1	0
p3548	0	1	0
p3549	0	1	0
p3550	0	1	0
p3551	0	1	0
p3552	0	1	0
p3553	0	1	0
p3554	0	1	0
p3555	0	1	0
p3556	0	1	0
p3557	0	1	0
p3558	0	1	0
p3559	0	1	0
p3560	0	1	0
p3561	0	1	0
p3562	0	1	0
p3563	0	1	0
p3564	0	1	0
p3565	0	1	0
p3566	0	1	0
p3567	0	1	0
p3568	0	1	0
p3569	0	1	0
p3670	0	1	0
p3671	0	1	0
p3672	0	1	0
p3673	0	1	0
p3674	0	1	0
p3675	0	1	0
p3676	0	1	0
p3677	0	1	0
p3678	0	1	0
p3679	0	1	0
p3680	0	1	0
p3681	0	1	0
p3682	0	1	0
p3770	0	1	0
p3771	0	1	0
p3772	0	1	0
p3773	0	1	0
p3774	0	1	0
p3775	0	1	0
p3776	0	1	0
p3777	0	1	0
p3778	0	1	0
p3779	0	1	0
p3780	0	1	0
p3781	0	1	0
p3845	0	1	0
p3846	0	1	0
p3847	0	1	0
p3848	0	1	0
p3849	0	1	0
p3850	0	1	0
p3851	0	1	0
p3852	0	1	0
p3853	0	1	0
p3854	0	1	0
p3855	0	1	0
p3856	0	1	0
p3857	0	1	0
p3858	0	1	0
p3859	0	1	0
p3860	0	1	0
p3861	0	1	0
p3862	0	1	0
p3863	0	1	0
p3864	0	1	0
p3865	0	1	0
p3866	0	1	0
p3895	0	1	0
p3896	0	1	0
p3897	0	1	0
p3898	0	1	0
p3899	0	1	0
p3900	0	1	0
p3901	0	1	0
p3902	0	1	0
p3903	0	1	0
p3904	0	1	0
p3905	0	1	0
p3906	0	1	0
p3907	0	1	0
p3908	0	1	0
p3909	0	1	0
p3910	0	1	0
p3911	0	1	0
p2314	1	0	0
p2315	1	0	0
p2316	1	0	0
p2317	1	0	0
p2318	1	0	0
p2319	1	0	0
p2320	1	0	0
p2321	1	0	0
p2322	1	0	0
p2323	1	0	0
p2324	1	0	0
p2325	1	0	0
p2326	1	0	0
p2327	1	0	0
p2328	1	0	0
p2329	1	0	0
p2330	1	0	0
p2331	1	0	0
p2332	1	0	0
p2333	1	0	0
p2334	1	0	0
p2335	1	0	0
p2336	1	0	0
p2337	1	0	0
p2338	1	0	0
p2339	1	0	0
p2340	1	0	0
p2341	1	0	0
p2342	1	0	0
p2343	1	0	0
p2344	1	0	0
p2345	1	0	0
p2346	1	0	0
p2347	1	0	0
p2348	1	0	0
p2349	1	0	0
p2350	1	0	0
p2351	1	0	0
p2352	1	0	0
p2353	1	0	0
p2354	1	0	0
p2355	1	0	0
p2356	1	0	0
p2357	1	0	0
p2358	1	0	0
p2359	1	0	0
p2360	1	0	0
p2361	1	0	0
p2362	1	0	0
p2363	1	0	0
p2364	1	0	0
p2365	1	0	0
p2366	1	0	0
p2367	1	0	0
p2368	1	0	0
p2369	1	0	0
p2370	1	0	0
p2371	1	0	0
p2372	1	0	0
p2373	1	0	0
p2374	1	0	0
p2375	1	0	0
p2376	1	0	0
p2377	1	0	0
p2378	1	0	0
p2379	1	0	0
p2380	1	0	0
p2381	1	0	0
p2382	1	0	0
p2383	1	0	0
p2384	1	0	0
p2385	1	0	0
p2386	1	0	0
p2387	1	0	0
p2388	1	0	0
p2389	1	0	0
p2390	1	0	0
p2391	1	0	0
p2392	1	0	0
p2393	1	0	0
p2394	1	0	0
p2395	1	0	0
p2396	1	0	0
p2397	1	0	0
p2398	1	0	0
p2399	1	0	0
p2400	1	0	0
p2401	1	0	0
p2402	1	0	0
p2403	1	0	0
p2404	1	0	0
p2405	1	0	0
p2406	1	0	0
p2407	1	0	0
p2408	1	0	0
p2409	1	0	0
p2410	1	0	0
p2411	1	0	0
p2412	1	0	0
p2413	1	0	0
p2414	1	0	0
p2415	1	0	0
p2416	1	0	0
p2417	1	0	0
p2418	1	0	0
p2419	1	0	0
p2420	1	0	0
p2421	1	0	0
p2422	1	0	0
p2423	1	0	0
p2424	1	0	0
p2425	1	0	0
p2426	1	0	0
p2427	1	0	0
p2428	1	0	0
p2429	1	0	0
p2430	1	0	0
p2431	1	0	0
p2432	1	0	0
p2433	1	0	0
p2434	1	0	0
p2435	1	0	0
p2436	1	0	0
p2437	1	0	0
p2438	1	0	0
p2439	1	0	0
p2440	1	0	0
p2441	1	0	0
p2442	1	0	0
p2443	1	0	0
p2444	1	0	0
p2445	1	0	0
p2446	1	0	0
p2447	1	0	0
p2448	1	0	0
p2449	1	0	0
p2450	1	0	0
p2451	1	0	0
p2452	1	0	0
p2453	1	0	0
p2454	1	0	0
p2455	1	0	0
p2456	1	0	0
p2457	1	0	0
p2458	1	0	0
p2459	1	0	0
p2460	1	0	0
p2461	1	0	0
p2462	1	0	0
p2463	1	0	0
p2464	1	0	0
p2465	1	0	0
p2466	1	0	0
p2467	1	0	0
p2468	1	0	0
p2469	1	0	0
p2470	1	0	0
p2471	1	0	0
p2472	1	0	0
p2473	1	0	0
p2474	1	0	0
p2475	1	0	0
p2476	1	0	0
p2477	1	0	0
p2478	1	0	0
p2479	1	0	0
p2480	1	0	0
p2481	1	0	0
p2482	1	0	0
p2483	1	0	0
p2484	1	0	0
p2485	1	0	0
p2486	1	0	0
p2487	1	0	0
p2488	1	0	0
p2489	1	0	0
p2490	1	0	0
p2491	1	0	0
p2492	1	0	0
p2493	1	0	0
p2494	1	0	0
p2495	1	0	0
p2496	1	0	0
p2497	1	0	0
p2498	1	0	0
p2499	1	0	0
p2500	1	0	0
p2501	1	0	0
p2502	1	0	0
p2503	1	0	0
p2504	1	0	0
p2505	1	0	0
p2506	1	0	0
p2507	1	0	0
p2508	1	0	0
p2509	1	0	0
p2510	1	0	0
p2511	1	0	0
p2512	1	0	0
p2513	1	0	0
p2514	1	0	0
p2515	1	0	0
p2516	1	0	0
p2517	1	0	0
p2518	1	0	0
p2519	1	0	0
p2520	1	0	0
p2521	1	0	0
p2522	1	0	0
p2523	1	0	0
p2524	1	0	0
p2525	1	0	0
p2526	1	0	0
p2527	1	0	0
p2528	1	0	0
p2529	1	0	0
p2530	1	0	0
p2531	1	0	0
p2532	1	0	0
p2533	1	0	0
p2534	1	0	0
p2535	1	0	0
p2536	1	0	0
p2537	1	0	0
p2538	1	0	0
p2539	1	0	0
p2540	1	0	0
p2541	1	0	0
p2542	1	0	0
p2543	1	0	0
p2544	1	0	0
p2545	1	0	0
p2546	1	0	0
p2547	1	0	0
p2548	1	0	0
p2549	1	0	0
p2550	1	0	0
p2551	1	0	0
p2552	1	0	0
p2553	1	0	0
p2554	1	0	0
p2555	1	0	0
p2556	1	0	0
p2557	1	0	0
p2558	1	0	0
p2559	1	0	0
p2560	1	0	0
p2561	1	0	0
p2562	1	0	0
p2563	1	0	0
p2564	1	0	0
p2565	1	0	0
p2566	1	0	0
p2567	1	0	0
p2568	1	0	0
p2569	1	0	0
p2570	1	0	0
p2571	1	0	0
p2572	1	0	0
p2573	1	0	0
p2574	1	0	0
p2575	1	0	0
p2576	1	0	0
p2577	1	0	0
p2578	1	0	0
p2579	1	0	0
p2580	1	0	0
p2581	1	0	0
p2582	1	0	0
p2583	1	0	0
p2584	1	0	0
p2585	1	0	0
p2586	1	0	0
p2587	1	0	0
p2588	1	0	0
p2589	1	0	0
p2590	1	0	0
p2591	1	0	0
p2592	1	0	0
p2593	1	0	0
p2594	1	0	0
p2595	1	0	0
p2596	1	0	0
p2597	1	0	0
p2598	1	0	0
p2599	1	0	0
p2600	1	0	0
p2601	1	0	0
p2602	1	0	0
p2603	1	0	0
p2604	1	0	0
p2605	1	0	0
p2606	1	0	0
p2607	1	0	0
p2608	1	0	0
p2609	1	0	0
p2610	1	0	0
p2611	1	0	0
p2612	1	0	0
p2613	1	0	0
p2614	1	0	0
p2615	1	0	0
p2616	1	0	0
p2617	1	0	0
p2618	1	0	0
p2619	1	0	0
p2620	1	0	0
p2621	1	0	0
p2622	1	0	0
p2623	1	0	0
p2624	1	0	0
p2625	1	0	0
p2626	1	0	0
p2627	1	0	0
p2628	1	0	0
p2629	1	0	0
p2630	1	0	0
p2631	1	0	0
p2632	1	0	0
p2633	1	0	0
p2634	1	0	0
p2635	1	0	0
p2636	1	0	0
p2637	1	0	0
p2638	1	0	0
p2639	1	0	0
p2640	1	0	0
p2641	1	0	0
p2642	1	0	0
p2643	1	0	0
p2644	1	0	0
p2645	1	0	0
p2646	1	0	0
p2647	1	0	0
p2648	1	0	0
p2649	1	0	0
p2650	1	0	0
p2651	1	0	0
p2652	1	0	0
p2653	1	0	0
p2654	1	0	0
p2655	1	0	0
p2656	1	0	0
p2657	1	0	0
p2658	1	0	0
p2659	1	0	0
p2660	1	0	0
p2661	1	0	0
p2662	1	0	0
p2663	1	0	0
p2664	1	0	0
p2665	1	0	0
p2666	1	0	0
p2667	1	0	0
p2668	1	0	0
p2669	1	0	0
p2670	1	0	0
p2671	1	0	0
p2672	1	0	0
p2673	1	0	0
p2674	1	0	0
p2675	1	0	0
p2676	1	0	0
p2677	1	0	0
p2678	1	0	0
p2679	1	0	0
p2680	1	0	0
p2681	1	0	0
p2682	1	0	0
p2683	1	0	0
p2684	1	0	0
p2685	1	0	0
p2686	1	0	0
p2687	1	0	0
p2688	1	0	0
p2689	1	0	0
p2690	1	0	0
p2691	1	0	0
p2692	1	0	0
p2693	1	0	0
p2694	1	0	0
p2695	1	0	0
p2696	1	0	0
p2697	1	0	0
p2698	1	0	0
p2699	1	0	0
p2700	1	0	0
p2701	1	0	0
p2702	1	0	0
p2703	1	0	0
p2704	1	0	0
p2705	1	0	0
p2706	1	0	0
p2707	1	0	0
p2708	1	0	0
p2709	1	0	0
p2710	1	0	0
p2711	1	0	0
p2712	1	0	0
p2713	1	0	0
p2714	1	0	0
p2715	1	0	0
p2716	1	0	0
p2717	1	0	0
p2718	1	0	0
p2719	1	0	0
p2720	1	0	0
p2721	1	0	0
p2722	1	0	0
p2723	1	0	0
p2724	1	0	0
p2725	1	0	0
p2726	1	0	0
p2727	1	0	0
p2728	1	0	0
p2729	1	0	0
p2730	1	0	0
p2731	1	0	0
p2732	1	0	0
p2733	1	0	0
p2734	1	0	0
p2735	1	0	0
p2736	1	0	0
p2737	1	0	0
p2738	1	0	0
p2739	1	0	0
p2740	1	0	0
p2741	1	0	0
p2742	1	0	0
p2743	1	0	0
p2744	1	0	0
p2745	1	0	0
p2746	1	0	0
p2747	1	0	0
p2748	1	0	0
p2749	1	0	0
p2750	1	0	0
p2751	1	0	0
p2752	1	0	0
p2753	1	0	0
p2754	1	0	0
p2755	1	0	0
p2756	1	0	0
p2757	1	0	0
p2758	1	0	0
p2759	1	0	0
p2760	1	0	0
p2761	1	0	0
p2762	1	0	0
p2763	1	0	0
p2764	1	0	0
p2765	1	0	0
p3279	1	0	0
p3280	1	0	0
p3281	1	0	0
p3282	1	0	0
p3283	1	0	0
p3284	1	0	0
p3285	1	0	0
p3286	1	0	0
p3287	1	0	0
p3288	1	0	0
p3289	1	0	0
p3290	1	0	0
p3291	1	0	0
p3292	1	0	0
p3293	1	0	0
p3294	1	0	0
p3295	1	0	0
p3296	1	0	0
p3297	1	0	0
p3298	1	0	0
p3299	1	0	0
p3300	1	0	0
p3301	1	0	0
p3302	1	0	0
p3303	1	0	0
p3304	1	0	0
p3305	1	0	0
p3306	1	0	0
p3307	1	0	0
p3308	1	0	0
p3309	1	0	0
p3310	1	0	0
p3311	1	0	0
p3312	1	0	0
p3313	1	0	0
p3314	1	0	0
p3315	1	0	0
p3316	1	0	0
p3317	1	0	0
p3318	1	0	0
p3319	1	0	0
p3320	1	0	0
p3321	1	0	0
p3322	1	0	0
p3323	1	0	0
p3324	1	0	0
p3325	1	0	0
p3326	1	0	0
p3327	1	0	0
p3328	1	0	0
p3329	1	0	0
p3330	1	0	0
p3331	1	0	0
p3332	1	0	0
p3333	1	0	0
p3334	1	0	0
p3335	1	0	0
p3336	1	0	0
p3337	1	0	0
p3338	1	0	0
p3339	1	0	0
p3340	1	0	0
p3341	1	0	0
p3342	1	0	0
p3343	1	0	0
p3344	1	0	0
p3345	1	0	0
p3346	1	0	0
p3347	1	0	0
p3348	1	0	0
p3349	1	0	0
p3350	1	0	0
p3351	1	0	0
p3352	1	0	0
p3353	1	0	0
p3354	1	0	0
p3355	1	0	0
p3356	1	0	0
p3357	1	0	0
p3358	1	0	0
p3359	1	0	0
p3360	1	0	0
p3361	1	0	0
p3362	1	0	0
p3363	1	0	0
p3364	1	0	0
p3365	1	0	0
p3366	1	0	0
p3367	1	0	0
p3368	1	0	0
p3369	1	0	0
p3370	1	0	0
p3371	1	0	0
p3372	1	0	0
p3373	1	0	0
p3374	1	0	0
p3375	1	0	0
p3376	1	0	0
p3377	1	0	0
p3378	1	0	0
p3379	1	0	0
p3380	1	0	0
p3381	1	0	0
p3382	1	0	0
p3383	1	0	0
p3384	1	0	0
p3385	1	0	0
p3386	1	0	0
p3387	1	0	0
p3388	1	0	0
p3389	1	0	0
p3390	1	0	0
p3391	1	0	0
p3392	1	0	0
p3393	1	0	0
p3394	1	0	0
p3395	1	0	0
p3396	1	0	0
p3397	1	0	0
p3398	1	0	0
p3399	1	0	0
p3400	1	0	0
p3401	1	0	0
p3402	1	0	0
